url_path,views_total,views_unique
/dmorse/pscfpp,43,20
/dmorse/pscfpp/tree/master/src,36,4
/dmorse/pscfpp/tree/master/src/pspc,28,2
/dmorse/pscfpp/tree/master/docs,22,4
/dmorse/pscfpp/tree/master/examples/pc/diblock/bcc,21,2
/dmorse/pscfpp/tree/master/examples,20,5
/dmorse/pscfpp/tree/master,15,3
/dmorse/pscfpp/issues,12,3
/dmorse/pscfpp/tree/master/lib,9,1
/dmorse/pscfpp/tree/master/make,9,1
