url_path,views_total,views_unique
/dmorse/pscfpp,63,19
/dmorse/pscfpp/issues,31,4
/dmorse/pscfpp/tree/master/examples/pc/diblock,18,2
/dmorse/pscfpp/tree/master/examples/pc/diblock/lam,18,2
/dmorse/pscfpp/branches,16,1
/dmorse/pscfpp/pulls,11,4
/dmorse/pscfpp/tree/thermo,11,2
/dmorse/pscfpp/tree/ftmc/src/pspc/field,11,1
/dmorse/pscfpp/issues/107,9,4
/dmorse/pscfpp/tree/master/examples,9,4
