url_path,views_total,views_unique
/dmorse/pscfpp,29,20
/dmorse/pscfpp/tree/feature-pull/examples,18,1
/dmorse/pscfpp/tree/feature-pull/examples/pc/scf/sweep,14,1
/dmorse/pscfpp/tree/feature-pull/examples/pc,13,1
/dmorse/pscfpp/tree/feature-pull/examples/pc/scf,12,1
/dmorse/pscfpp/tree/feature-pull/docs/manual,11,1
/dmorse/pscfpp/branches,9,1
/dmorse/pscfpp/tree/master/examples/pc/films/3D,9,1
/dmorse/pscfpp/tree/master/examples,8,2
/dmorse/pscfpp/tree/feature-pull/examples/pc/scf/sweep/block,8,1
